image_00000 314 226 336 253
image_00001 313 224 337 253
image_00002 314 226 338 254
image_00003 313 226 339 253
image_00004 314 224 337 253
image_00005 313 222 340 255
image_00006 313 222 340 255
image_00007 313 221 340 256
image_00008 311 221 339 256
image_00009 312 222 339 256
image_00010 311 222 339 255
image_00011 311 221 341 257
image_00012 310 220 339 256
image_00013 311 207 348 256
image_00014 310 202 354 257
image_00015 310 205 350 258
image_00016 309 205 354 258
image_00017 308 206 357 259
image_00018 307 207 359 258
image_00019 306 207 360 259
image_00020 307 206 359 259
image_00021 306 208 359 259
image_00022 305 207 362 260
image_00023 305 209 362 260
image_00024 305 208 362 260
image_00025 305 208 362 260
image_00026 305 208 365 260
image_00027 304 208 360 261
image_00028 305 210 360 261
image_00029 304 209 361 261
image_00030 328 208 365 261
image_00031 328 207 361 261
image_00032 328 206 362 262
image_00033 330 201 361 262
image_00034 331 202 365 262
image_00035 329 202 366 262
image_00036 332 201 373 262
image_00037 328 200 372 263
image_00038 331 200 372 264
image_00039 328 204 371 263
image_00040 330 204 371 263
image_00041 327 202 372 265
image_00042 328 202 372 264
image_00043 323 201 372 264
image_00044 325 204 372 264
image_00045 325 205 372 263
image_00046 323 204 372 264
image_00047 325 204 372 263
image_00048 344 207 370 233
image_00049 343 206 369 230
image_00050 352 207 369 228
image_00051 351 207 369 227
image_00052 351 208 368 227
image_00053 350 207 369 227
image_00054 352 208 368 226
image_00055 353 208 368 226
image_00056 355 210 367 224
image_00057 355 209 365 222
image_00058 353 205 367 224
image_00059 354 207 366 223
image_00060 353 207 365 222
image_00061 353 205 364 221
image_00062 353 207 361 220
image_00063 352 205 362 218
